# 2cyanobutane.yml
A: 4070.369407
B: 3145.923481
C: 1919.400332
D_J: 2.572321e-3
D_JK: -4.279718e-3
D_K: 1.942455e-3
d_1: -37.2649e-6
d_2: -561.3824e-6
H_J: 7.1415e-9
H_JK: -24.8744e-9
H_KJ: 30.0215e-9
H_K: -12.2612e-9
h_1: -3.0488e-9
h_2: 2.2129e-9
h_3: -2.82372e-9
L_J: -27.58e-15
L_JJK: 102.58e-15
L_JK: -215.23e-15
L_KKJ: 214.87e-15
L_K: -74.81e-15
l_1: 31.96e-15
l_2: -3.47e-15
l_3: 30.158e-15
l_4: 4.043e-15
p_2: -480e-21
p_4: -43.0e-12
Chi_aa: 0.29545
Chi_bb: -2.14468
Chi_cc: 1.84923
Chi_ab: 2.642
C_cc: 0.539e-3
u_a: 2.357
u_b: 3.336
u_c: 0.619
name: "2-cyanobutane"
formula: "C5H9N"
smiles: "CCC(C)C#N"
doi: "10.1021/acs.jpca.7b06072"
notes: "S-red, IIIl rep. Lowest energy anti conformer. Dipoles from quantum chemistry."
author: "TJB"
