# 2H-azirine
A: 35615.5986
B: 22224.02407
C: 15064.61324
Delta_J: 27.5575e-03
Delta_JK: 102.205e-03
Delta_K: -49.004e-03
del_J: 8.6452e-03
del_K: 73.236e-03
H_J: -0.054e-06
H_JK: -0.38e-06
H_KJ: 3.16e-06
H_K: -2.55e-06
h_J: -0.0247e-06
h_JK: -0.30e-06
h_K: 2.77e-06
chi_aa: 1.056
chi_bb: -3.431
chi_cc: 2.375
C_aa: -10.8
C_bb: 0
C_cc: 0
u_b: 2.07
u_a: 0.54 
rep: "Ir"
name: "2H-azirine"
formula: "C2H3N"
smiles: "C1C=N1"
author: "IRC"
notes: "dipoles from doi.org/10.1021/ja00449a085"
doi: "doi.org/10.1016/0022-2852(86)90270-5"