# aziridine/ethylenimine
A: 22736.192853
B: 21192.461027
C: 13383.163814
D_J: 39.68697e-03
D_JK: -53.29378e-03
D_K: 20.84457e-03
d_1: 4.386227e-03
d_2: 0.078704e-03
H_J: 2.54e-09
H_JK: -121.66e-09
H_KJ: 250.28e-09
H_K: -130.51e-09
h_1: 6.186e-09
h_2: 19.307e-09
h_3: -33.8475e-09
L_J: -0.875e-12
L_JJK: 2.99e-12
L_JK: -5.28e-12
L_KKJ: 4.91e-12
L_K: -1.66e-12
l_1: 0.300e-12
chi_bb: 2.17235
chi_cc: -2.85718
u_b: 0.97
u_c: 1.357 
rep: "IIIl"
name: "aziridine"
formula: "C2H5N"
smiles: "C1CN1"
author: "IRC"
notes: "At 1.85 THz, dipole moments by stark expts in Thorwirth 1999"
doi: "doi:10.1006/jmsp.2000.8108"