# aziridine/ethylenimine
A: 22736.192938
B: 21192.461135
C: 13383.164007
Delta_J: 3.96841e-02
Delta_JK: -5.329272e-02
Delta_K: 2.084402e-02
d_1: 4.38608e-03
d_2: 0.078767e-03
H_J: 1.06e-09
H_JK: -119.13e-09
H_KJ: 247.32e-09
H_K: -129.36e-09
h_1: 6.596e-09
h_2: 19.07e-09
h_3: -33.830e-09
L_JJK: 1.37e-12
L_JK: -2.64e-12
L_KKJ: 2.98e-12
L_K: -1.15e-12
l_2: 0.231e-12
l_3: -0.049e-12
chi_aa: 0.68475
chi_bb: 2.17233
chi_cc: -2.85708
C_aa: 0.38e-03
C_bb: 1.51e-03
C_cc: -1.24e-03
u_b: 0.97
u_c: 1.357 
name: "aziridine"
formula: "C2H5N"
smiles: "C1CN1"
author: "IRC"
notes: "dipole moments determined by stark expts"
doi: "doi.org/10.1006/jmsp.1999.7992"