#cis-crotonitrile.yml
A: 11854.4494
B: 3524.69771
C: 2759.74293
Delta_J: 2.73153e-3
Delta_JK: -18.2106e-3
Delta_K: 65.801e-3
delta_J: 0.87471e-3
delta_K: 5.2526e-3
Phi_J: 0.005204e-6
Phi_KJ: -0.232e-6
phi_J: 0.002287e-6
mu_a: 3.74
mu_b: 1.6
doi: "10.1006/jmsp.1995.1198"
name: "cis-crotononitrile"
formula: "CH3CHCHCN"
smiles: r"C/C=C\C#N"
notes: ""
author: "AMB"
