# Ecyano-1,3butadiene
A: 26243.02933570320  
B: 1443.620880423522
C: 1368.119205828125
D_J: -1.208885901305297e-004
D_JK: 1.571828561796960e-002
D_K: -1.106785285274768e+000
d_1: -1.794561147494741e-005
d_2: -4.162103835018519e-007
H_J: 8.551230754774852e-011
H_JK: -1.711653022862164e-008
H_KJ: -6.178976248176941e-008
H_K: 6.963312693221627e-005
h_1: 2.499774136162225e-011
h_2: 1.167753175462731e-012
h_3: 5.444496494057479e-013
L_J: -1.289203132187317e-016
L_JJK: 2.058495612851798e-014
L_JK: -2.593692223180588e-012
L_KKJ: -2.384688850017738e-010
chi_aa: -3.3190 
chi_bb: 1.2895 
u_a: 3.6
u_b: 2.3
rep: "Ir"
name: "Ecyano-1,3-butadiene"
formula: "C5H5N"
smiles: "C=CC=CC#N"
author: "IRC"
notes: "Used chis from CfA"
doi: "10.1021/jacs.1c03777"