#Formaldoxime.yml
A: 67679.40610
B: 11859.31955
C: 10080.03162
Delta_J: 9.782.69e-3
Delta_JK: −0.0269398
Delta_K: 1.426345
delta_J: 1.903150e-3
delta_K: 46.7717e-3
Phi_K: 7.118e-6
Phi_JK: 0.0880e-6
Phi_KJ: −9.521e-6
Phi_K: 0.09295e-3
phi_J: 4.146e-9
phi_JK: 0.0497e-9
phi_K: 0.01578e-3
L_KKJ: 0.820e-9
L_K: −0.00808e-6
PKJ: −0.091e-12
Chi_aa: 2.9870
Chi_bb: −4.6838
Chi_ab: 3.6806638
mu_a: 0.26
mu_b: 0.19
doi: "10.1051/0004-6361/202040142"
name: "Formaldoxime"
formula: "CH2NOH"
smiles: "C=NO"
notes: "A and S reduced available in text"
author: "AMB"