# imidazole.yml
A: 9725.30651
B: 9373.99203
C: 4771.91599
D_J: 3.27363E-3
D_JK: -5.17552E-3
D_K: 2.24932E-3
d_1: 0.019825E-3
d_2: 0.016675E-3
H_J: 1.367E-9
H_JK: -6.148E-9
H_KJ: 10.15E-9
H_K: -2.813E-9
h_1: 0.0459E-9
h_2: -0.0757E-9
h_3: -0.0147E-9
L_KKJ: -1.98E-12
chi_cc_1: -2.5592
chi_bb-chi_aa_1: 0
chi_bb-chi_aa_2: 5.727
chi_cc_2: 2.2293
u_a: 3.603
u_b: 0.680 
rep: "IIIl"
name: "imidazole"
formula: "C3N2H4"
smiles: "C1=CN=CN1"
author: "TJB"
doi: ["10.1051/0004-6361/201935769","10.1515/zna-1981-1220"]