# isoquinoline.yml
A: 3199.00020
B: 1237.931586
C: 892.753595
Delta_J: 18.8548E-6
Delta_JK: 47.004E-6
Delta_K: 157.20E-6
del_J: 5.4543E-6
del_K: 61.465E-6
chi_aa: -3.5114
chi_bb: 0.1304
chi_cc: 3.3810
chi_ab: 2.81
u_a: 2.3602
u_b: 0.9051
rep: Ir
doi: [10.1016/S0022-2852(02)00020-6]
name: isoquinoline
smiles: C1=CC=C2C=NC=CC2=C1
notes: C9H7N
author: TJB
