# oxirane/ethylene oxide
A: 25483.86273
B: 22120.87303
C: 14097.82581
Delta_J: 20.68240e-03
Delta_JK: 20.91041e-03
Delta_K: 27.58930e-03
del_J: 6.21005e-03
del_K: 18.10824e-03
Phi_K: 2.2415e-06
Phi_J: -1.797e-09
Phi_JK: 0.62458e-06
Phi_KJ: -2.6387e-06
phi_JK: 0.27730e-06
phi_K: -0.3278e-06
phi_J: -1.730e-09
L_K: -0.62e-12
L_KKJ: -6.79e-12
L_JK: 8.18e-12
L_JJK: -3.00e-12
l_K: -13.00e-12
l_KJ: 8.07e-12
l_JK: -2.42e-12
rep: "Ir"
u_b: 1.88
name: "oxirane"
formula: "C2H4O"
smiles: "C1CO1"
author: "IRC"
notes: "dipole from doi.org/10.1063/1.1748331, article also has S reduction and IIr"
doi: "10.1016/j.jms.2022.111584"