# File modified after homogenizing keys# File modified after homogenizing keys        # Phthalazine.yml
A: 3263.94094
B: 1236.018430
C: 896.743486
Delta_J: 0.01646e-03
Delta_JK: 0.0633e-03
Delta_K: 0.155e-03
d_1: -5.526e-06
d_2: -1.127e-06
H_J: 0.27e-09
u_a: 5.45
name: quinazoline
formula: C8H6N2
smiles: C1=CC=C2C=NN=CC2=C1
doi: doi.org/10.1063/1.3580770
notes: 1 and 2 hyperfine refers to the two unique nitrogens, dipoles at B3LYP
author: IRC
chi_aa_1: -4.72845
chi_aa_2: -4.72845
chi_ab_1: 2.350
chi_ab_2: -2.350
chi_bb_1-chi_cc_1: -1.0283
chi_bb_2-chi_cc_2: -1.0283
