# Zcyano-1,3butadiene
A: 9.759445367823140e+003  
B: 2.039691149832261e+003
C:1.686173465320423e+003
D_J: 8.404187719221758e-004
D_JK: -1.204230831356012e-002 
D_K: 6.899317869346563e-002
d_J: 2.426324767141133e-004
d_K: 2.039931588108813e-003
H_J: 9.071740765770954e-010
H_JK: 1.694938141031074e-008 
H_KJ: -4.240976935967307e-007
H_K: 2.170088968257985e-006
h_J: 4.068073514893244e-010
h_JK: 4.069008537388365e-009
h_K: 3.178756752126764e-007
L_JJK: -6.922886494168895e-014
L_JK: -1.710142951133273e-012
L_KKJ: 1.809252004588749e-011
L_K: -9.779251990879221e-011
l_J: 1.942682246994029e-016
l_KJ: 1.581464217077859e-012
l_K: -3.204109263126702e-011
chi_aa: -3.606683783161944e-001
chi_bb: -1.652795594865145e+000
u_a: 3.6
u_b: 2.3
rep: "Ir"
name: "Zcyano-1,3-butadiene"
formula: "C5H5N"
smiles: "C=CC=CC#N"
author: "IRC"
notes: "chis from CfA are -0.3657 and -1.6425"
doi: "10.1021/jacs.1c03777"